11010010001111101011100100001111100000100100110000
01101011100000011110111110110011001100110101000101
11011100000001010001100000010100010010000001010101
01000101110011100111000000000110100111110100100111
00011110011011010111000100100010011000001010110100
10110111100010101100000000001010111001000001100011
10010001101000111111100000110011011111001110111000
11100101110000100101000011001000000101111000000000
11001000111101100111010100000101011100010001101010
00111111101110101010011110011110111010011101100100
11110101110011111010011100011111000101100111100100
01111110101001011110010100000111011010010100011110
10101011100010111001011100000100011101110010011001
11000111010011100010101110011001110111001011111101
10010111000000011010011101110000010000011000110001
00100010001011011001111101101010010011111110011110
10011001111101111101100111101010111010010101000010
01100010111111110001101010110000001000101000011000
11110100110011000000101110001011001011111011100001
01011100010101110101000100010001010000100010000000
01010111111111110010110010000001011101110100011100
11011010100011111001011100111110111101011000110011
00011000110010111100111001101100101010101000100010
10001011011100011000101100111011111011010001000111
00110010011111000001111010011001100010011101001111
01100111001110011101011100111010001010100100101110
11110100000101000111111111001110010011101001101001
11100010110010001111100001011110001001111100011111
10010011110111010011111001101010000000011110010100
00000100100101010110001110110101000001000000110111
10001001100000001111000011101110100010101100101000
10101111110111101010111111000101000101111000100110
10010111111101000100101110000000101000000000111010
01110110111110101011110101110010010111111110101010
10110010111101011001100001010010011010111110001110
01101110110001000010101001110101101100100011110110
10010101110111101111100010101101101111011001111101
11100100000011100001011010101101011100011100011100
00011111111101111010101001001100111001011100101011
00000110110110110111000001100001000011011100110101
11111110100010100110111100000010011011111111110111
11100100110100001101001111111110111011010111001101
11111101111111010011111010001101110101110101101011
10110000111101001110011011100001111110110111101101
10111100111111001001000100001000101101000101010000
00110001011110101011001001100101001010100011101110
10010100001000101100100100001001010010001001000111
11110110010100001000011011010111110111111011110011
00010100101110000110100011011111100110001101001110
10010101111011000011111111000101101010101100100000
01110100100011100111001101110000010101100001000110
11111000001111100010101001101111110000111001110011
00011100101010001110010011111001100011111000100011
10101011010101011101001010100110111101011101001001
10011001000111011111010000101100111101011001101100
00011101101011101111010110001011000001010101000111
01011010101010110010000001101101011100011010110000
10011101110100101000111001100101000001000110111001
10100001110111010001100111100010100000011001011011
11110001101100011100100011011110001011000001110100
00101101011011011001110001011111101000001010111110
01010101100100000111101101011111101000111110011000
11010001111111010001111000111101010100010001110110
10100011100101110000010101010110101101100100011010
01101100110111001101111000010101111110101001110001
00110011011110101010010110110101110000011111011100
11001111110111101101110100101011111101111010011110
00011000101000111000011000011011110010011010111111
11011101101100010111111010011010110010001101010011
10010100010010101011101010010101011111101101010010
10011010011000001011001111101111100110000000100110
01100111011001110001110101010110100111000101000110
00011010111101100011111000100001011001110010011001
00111100100110011001110101000001000001101101000110
10110001010111100110111011101100010111101001001001
00111110001010111001101100110100001010110111100001
10001010000001001101011101011101110101011110000101
10101000100101000011010000110101001011001001100000
10110010000000001001001101110101111111000001101101
00110011100110101101101000110101110110011000000010
11100110100001000011111001110101010111101011111010
10110010011010110111100111000001011111110000001000
11011101010100110011001001100000100101010010001111
11100011001110111000101010110000100001110000110011
01001001001110101110010100000010011100101100000011
10011001111100011010101001010000011101001101111100
01010110111101001101001010001111000110010000100100
11110001001010010000110010111111110011011111001101
10111001000000011110011111001001001100011101000001
01000101111001101011011110111010000100011110011000
01011011110110001111010111000000010001110000000011
10111011101111010001011100000110001011111011000110
10100011010100001010001001011101100100011011100010
11011110101010101001001000001100110111011111110000
00011100001101110111111000010100110000001000000110
10011001000101000110001101001010011011001011111101
00011001000000000001110000111011110000010111011100
01110011001000100010001111010101010011010001011100
10001110111011010110010100011111010110110011000111
10010011001000010011111111010001010111111000101001
